torus
190 260 40 15 50
ident
rotate
x 70
rotate
y -10
move
0 -65 0
apply
ident
box
160 70 300 20 13 10
box
170 90 300 20 13 10
box
180 110 300 20 13 10 #180 100 110
box
190 130 300 20 13 10
box
200 150 300 20 13 10
box
210 170 300 20 13 10
box
220 190 300 20 13 10
box
230 210 300 20 13 10
box
240 230 300 20 13 10
box
130 40 300 20 13 10
box
120 50 300 20 13 10
box
110 60 300 20 13 10
box
100 70 300 20 13 10
box
90 80 300 20 13 10
box
80 90 300 20 13 10
box
70 100 300 20 13 10
ident
rotate
x 30
rotate
y 20
rotate
z 20
apply
ident
torus
250 250 0 30 175
rotate
x 90
move
0 270 0
apply
ident
sphere
400 150 0 15
sphere
120 130 10 15
sphere
420 250 -5 15
sphere
80 280 10 15
sphere
250 440 10 15
sphere
150 400 0 15
sphere
350 407 0 15
display
save
wreath.png